USING_IMPROVED_KARATSUBA
USING_IMPROVED_TOOM3WAY

Multiplication algorithms testing
         schoolgrade    karatsuba      toom 3 way     schonhage      fft         
      1    0.000023203    0.000014528    0.000009085    0.000016166    0.000073015  
      2    0.000009276    0.000010423    0.000015685    0.002371289    0.000039099  
      4    0.000010634    0.000012253    0.000021008    0.002408208    0.000053386  
      8    0.000016818    0.000015721    0.000018713    0.002333794    0.000074755  
     16    0.000032185    0.000019839    0.000040800    0.002345647    0.000138705  
     32    0.000099934    0.000031515    0.000156457    0.002455708    0.000268396  
     64    0.000354853    0.000068737    0.000165683    0.003224878    0.000691647  
    128    0.001389830    0.000250816    0.000727048    0.002378314    0.001161052  
    256    0.004858669    0.000462219    0.002977149    0.002559164    0.002293775  
    512    0.016215057    0.001014104    0.002491944    0.002786627    0.003864945  
   1024    0.045239976    0.001883370    0.007746091    0.002519243    0.005567651  
   2048    0.147051865    0.005505289    0.007700416    0.004057630    0.011951879  
   4096    0.588474488    0.016480397    0.038689560    0.007141106    0.025500949  
   8192    2.359989407    0.049380031    0.193471919    0.013689429    0.054415700  
  16384   10.173173429    0.192056497    0.211196211    0.025816167    0.117380593  
  32768   39.741315858    0.459995476    0.979383143    0.050506226    0.244532025  
  65536  153.776660326    1.467491779    5.041852436    0.100518715    0.521809242  
