Multiplication algorithms testing
         schoolgrade    karatsuba      toom 3 way     schonhage      fft         
      1    0.000028564    0.000012313    0.000008709    0.000013635    0.000083289  
      2    0.000007808    0.000009717    0.000007707    0.002193923    0.000035741  
      4    0.000009076    0.000011526    0.000009491    0.002201424    0.000048054  
      8    0.000014097    0.000185520    0.000296562    0.002340092    0.000080557  
     16    0.000036126    0.000694198    0.001683055    0.002159885    0.000130321  
     32    0.000096552    0.002307184    0.004146822    0.002062305    0.000248066  
     64    0.000313836    0.006050753    0.007369022    0.001915852    0.000465899  
    128    0.001134989    0.017417118    0.025524994    0.001390171    0.000711613  
    256    0.003048273    0.036623412    0.043678453    0.001252101    0.001194223  
    512    0.009200582    0.099120172    0.095464607    0.001637422    0.002550955  
   1024    0.036706158    0.293373656    0.431438832    0.002414209    0.005491934  
   2048    0.146996154    0.917677703    0.697779580    0.003952346    0.011838436  
   4096    0.587739214    2.796917572    2.421785406    0.008582671    0.027907385  
   8192    2.356065724    8.770462892    7.871319589    0.013248208    0.056051077  
  16384    9.687365595   26.655160281   12.343509519    0.025528279    0.114578328  
  32768   37.855655926   77.376976950   57.477029388    0.050238956    0.242814699  
  65536  154.125724970  235.476028942  138.612532741    0.100615970    0.560281943  
